25 41
12 15
33 35
33 29
48 50
33 31
19 9
5 24
34 15
8 11
39 18
30 38
1 19
7 48
31 18
7 11
38 9
40 9
26 17
32 45
18 37
12 40
41 4
45 9
29 17
48 48
4 30
40 10
20 41
32 27
2 15
48 7
13 44
8 42
11 5
15 34
40 17
12 24
7 41
38 43
30 32
12 21
38 2
44 37
10 33
2 40
34 3
2 42
25 37
12 39
1 39
7 17
20 28
7 47
40 26
44 7
22 14
48 38
23 50
40 29
41 39
31 25
16 45
13 15
0 43
11 8
40 36
38 5
44 15
15 24
44 24
27 31
49 43
43 6
32 44
39 13
3 5
20 14
35 35
14 43
10 7
22 5
9 17
27 41
10 13
22 45
20 44
42 42
43 10
6 24
39 4
45 2
40 37
32 12
37 46
43 49
6 29
45 17
14 48
17 16
23 17
6 9
0 32
19 48
23 24
22 46
49 4
13 49
8 7
40 46
31 41
14 26
13 33
21 32
41 20
15 42
41 9
35 6
32 11
30 23
47 24
14 28
8 22
30 2
36 2
43 33
11 13
26 26
11 23
38 26
23 38
19 47
6 46
0 12
15 2
17 28
28 45
28 10
17 50
2 45
38 16
34 42
0 7
44 12
34 29
27 12
4 21
50 4
34 40
48 33
48 30
11 47
44 6
5 2
42 35
13 12
28 34
9 45
36 43
24 17
36 28
36 12
39 21
43 11
31 46
28 9
29 46
34 34
27 42
28 4
12 6
3 48
44 20
19 45
46 21
32 20
31 14
38 37
31 49
17 48
14 34
29 5
40 31
5 21
40 3
24 48
50 1
11 22
24 28
21 41
12 14
11 49
37 37
43 25
45 40
6 45
18 3
11 37
13 24
9 35
30 24
3 13
12 47
11 20
31 3
41 17
35 26
5 22
35 48
16 50
20 30
39 34
43 24
28 3
41 26
38 46
19 27
34 47
0 45
9 4
29 16
35 34
43 9
21 44
36 22
25 6
12 9
24 15
28 20
29 10
11 28
18 39
17 26
40 38
17 10
20 45
17 22
46 6
4 42
16 25
24 31
31 4
26 9
47 4
31 42
4 33
49 18
5 37
24 8
27 6
19 22
34 20
44 19
2 48
18 17
50 25
11 2
17 3
48 35
6 49
40 45
21 38
36 4
37 14
17 14
49 19
14 32
14 29
42 36
39 22
30 36
42 46
41 6
43 30
35 8
6 37
44 45
13 2
36 32
28 39
6 39
14 40
24 47
40 39
36 25
47 16
17 6
32 18
24 3
30 44
10 43
6 19
36 11
45 20
32 23
47 34
26 6
8 33
15 27
37 48
21 43
49 47
14 13
35 12
19 16
39 25
16 1
19 10
34 45
16 44
11 40
17 4
49 1
14 5
32 2
30 3
25 1
20 23
13 5
25 36
25 45
27 22
7 2
6 15
3 35
8 30
49 14
1 14
11 27
34 14
24 42
20 1
2 2
33 42
30 47
24 16
29 15
7 32
42 14
19 13
25 48
30 50
34 37
12 31
19 12
13 37
27 17
5 29
5 7
13 16
1 40
32 43
22 0
32 34
30 30
47 3
41 31
7 22
29 25
47 22
14 16
25 15
16 37
21 14
48 12
48 4
37 13
45 8
9 19
39 19
17 23
21 4
44 8
47 37
39 2
1 21
23 26
28 47
40 30
14 47
15 43
17 21
22 20
25 25
11 11
46 16
36 27
0 17
28 32
29 21
50 37
23 19
45 6
13 27
17 38
14 38
21 35
2 37
45 39
32 50
45 32
48 14
19 17
40 11
0 4
6 16
8 41
36 26
25 17
4 22
29 36
48 36
33 47
16 30
35 36
27 1
23 42
33 3
2 4
29 31
46 4
12 19
4 24
20 39
4 13
41 48
42 5
6 43
16 17
38 17
28 41
47 1
12 28
19 5
10 23
36 38
47 17
43 50
42 27
0 31
28 26
10 12
43 36
11 42
46 34
47 43
17 40
3 20
41 32
22 16
48 28
41 13
39 27
9 39
25 49
19 35
35 47
0 44
22 13
18 21
11 29
23 32
26 40
29 40
16 16
36 46
7 21
3 15
41 33
27 24
24 49
35 2
11 34
19 8
50 34
32 17
47 29
9 36
48 3
39 44
41 23
22 36
45 25
44 49
34 23
21 10
3 28
34 30
46 50
38 21
1 28
49 28
49 42
17 32
41 22
2 20
2 5
1 25
40 22
14 1
9 40
43 46
15 39
3 17
49 46
9 14
13 13
9 24
24 50
15 13
22 28
15 25
16 22
20 4
42 18
6 21
33 5
7 46
29 24
22 47
38 47
33 39
20 11
27 38
40 13
49 31
18 7
9 8
23 4
33 36
49 13
25 43
27 33
34 26
39 50
19 34
50 40
33 14
2 10
33 13
2 28
44 28
34 19
4 28
38 14
26 46
46 31
29 7
39 16
38 48
44 26
37 25
10 22
31 0
50 15
23 23
24 45
16 13
24 26
28 36
9 34
1 37
40 23
4 10
31 12
24 0
43 14
12 42
17 24
20 47
29 35
18 12
1 47
49 5
42 26
3 40
24 2
38 25
7 27
7 18
7 40
50 44
2 22
5 3
26 12
10 38
5 28
8 48
31 35
49 25
50 22
37 2
32 36
50 27
20 37
27 49
47 39
46 26
18 8
49 44
29 42
48 46
31 31
5 41
39 43
16 9
8 28
9 42
13 4
37 47
3 46
20 33
11 39
20 38
27 18
41 15
13 34
0 6
32 21
11 45
39 33
45 23
45 16
34 13
45 41
45 49
26 48
17 34
33 37
24 6
25 29
15 30
16 27
45 13
49 10
1 42
11 18
48 45
23 36
22 39
23 27
45 46
25 42
31 16
35 45
20 22
50 33
3 44
5 20
42 4
38 12
6 0
1 35
15 11
45 18
14 39
21 34
11 26
16 49
20 21
37 8
13 10
21 48
5 27
28 19
28 24
44 1
36 24
26 5
47 32
5 42
36 39
9 22
24 21
18 25
18 34
23 47
36 30
25 13
45 38
34 25
12 2
9 2
1 18
0 20
18 29
26 42
25 26
26 35
31 43
38 8
43 43
41 11
34 7
0 41
39 15
26 1
18 16
29 44
4 1
33 40
9 47
6 50
40 5
8 8
16 48
1 1
37 30
4 27
21 36
26 50
1 32
25 4
14 11
43 17
42 32
37 20
11 4
43 35
31 44
34 6
12 34
21 15
11 41
18 24
18 22
12 18
40 27
34 2
42 41
49 16
8 37
10 6
13 26
24 9
34 27
45 35
46 29
8 16
14 45
2 26
8 9
13 45
28 8
21 40
6 2
1 26
46 20
3 9
29 48
8 18
27 35
13 43
12 48
9 15
18 30
12 35
31 45
2 6
22 18
24 19
36 14
48 6
44 16
38 44
18 23
9 13
16 29
32 4
47 42
13 29
6 14
24 38
22 43
0 19
19 32
46 24
42 19
12 11
29 13
42 33
30 13
23 46
11 24
5 38
4 31
7 16
5 50
27 15
19 49
5 15
15 47
0 8
26 24
35 37
33 24
39 10
30 31
39 17
50 36
33 9
45 15
40 14
18 5
26 45
32 37
31 33
49 0
41 36
31 24
36 41
10 46
50 16
28 50
50 43
2 12
31 32
40 32
29 26
1 23
24 29
15 15
34 48
32 15
20 13
27 11
48 17
6 25
20 3
28 7
49 8
5 17
21 33
8 15
38 36
39 5
8 1
4 48
49 21
40 7
25 44
19 36
7 31
14 9
29 11
35 0
18 49
40 25
21 23
40 50
35 1
38 1
28 25
12 22
5 9
10 20
4 37
3 8
3 24
28 14
15 50
40 35
29 14
41 25
42 9
33 19
9 43
4 9
2 46
6 40
39 32
39 31
32 40
1 38
7 0
37 50
36 20
0 13
28 30
41 28
5 40
32 19
37 4
22 40
38 19
43 15
4 43
46 17
28 5
18 27
35 11
40 43
50 3
7 44
46 32
45 12
19 18
12 13
6 41
34 16
14 18
42 23
45 11
12 0
4 35
12 1
34 49
24 27
21 28
4 20
6 17
39 28
31 22
35 5
0 37
39 36
29 38
28 2
41 27
37 36
12 20
28 17
49 27
17 12
7 33
43 28
9 1
14 14
19 29
2 13
1 43
29 39
26 21
17 15
5 0
27 32
8 35
44 10
38 31
49 29
21 1
20 48
45 47
36 21
44 18
6 13
2 16
11 48
9 26
19 50
15 19
19 38
18 40
17 11
9 0
14 27
44 33
40 33
46 14
24 20
44 47
17 8
22 42
39 1
42 34
9 32
42 7
35 50
9 7
2 17
27 16
4 6
29 1
0 10
30 7
2 34
7 50
40 28
35 28
6 27
12 43
46 28
13 6
0 50
25 5
22 6
14 0
28 44
15 0
21 8
17 17
2 44
11 25
28 1
5 10
16 18
17 49
35 7
46 22
19 15
40 4
23 49
46 27
47 38
25 50
22 11
1 17
44 11
24 7
29 34
10 18
2 50
22 27
1 44
20 49
12 26
9 23
29 9
25 0
9 12
35 25
31 13
7 45
34 5
10 29
17 43
49 32
50 13
43 12
23 40
15 28
11 9
47 5
0 48
48 22
31 39
48 40
18 32
22 2
5 35
27 50
46 13
19 2
6 10
17 29
27 28
2 11
9 27
12 27
3 4
48 19
44 42
15 23
2 32
44 27
5 12
30 11
26 32
46 48
33 41
24 33
30 28
13 39
6 47
2 3
4 44
35 3
3 33
23 41
23 11
16 14
8 38
11 38
8 27
20 50
49 49
37 43
32 14
5 46
14 30
44 44
21 46
33 50
14 20
46 45
28 43
3 34
26 4
11 46
22 10
41 12
3 41
39 48
1 27
46 41
24 5
7 39
36 29
20 26
35 21
18 10
27 30
48 9
11 0
9 41
1 45
29 37
36 8
42 21
30 33
13 47
4 47
2 36
47 21
5 39
12 30
14 22
31 5
29 49
3 36
35 43
16 41
1 36
18 47
14 19
1 31
28 18
17 9
23 2
29 27
33 48
44 23
43 21
9 38
5 14
1 29
43 19
15 18
4 5
46 30
40 19
45 42
1 2
13 31
28 35
23 21
10 16
14 36
21 9
39 23
49 9
49 34
11 33
19 40
29 12
49 17
38 49
32 35
14 35
37 1
48 0
33 12
47 19
14 41
42 29
10 21
47 48
13 23
13 35
45 28
46 42
35 17
10 49
44 32
42 48
13 48
7 43
44 36
33 15
24 23
6 8
42 24
34 39
31 17
49 6
5 13
8 6
2 43
0 5
41 35
23 30
10 3
16 3
9 28
21 27
0 9
20 8
10 27
4 38
48 11
3 37
19 42
28 49
3 39
36 37
18 46
20 2
12 41
36 33
3 7
16 10
45 36
10 17
7 25
11 3
11 35
10 34
28 0
1 20
26 19
12 45
15 16
26 8
35 18
41 1
9 18
0 16
18 15
13 1
28 28
25 20
42 50
2 24
2 23
15 22
43 32
50 9
4 41
46 5
39 38
32 3
14 3
16 43
37 16
25 31
30 8
25 7
28 48
24 18
50 19
19 44
26 43
5 8
21 49
34 9
38 38
33 45
29 20
17 31
2 25
37 34
24 36
34 43
28 15
33 49
24 39
3 12
3 2
29 23
47 46
29 30
34 0
